50
565
473
957
617
825
23
168
201
740
317
712
528
26
502
253
845
340
311
197
256
104
915
17
346
391
967
508
923
773
681
831
690
506
140
307
684
163
828
885
256
497
949
136
523
452
389
368
792
700
918
60
1 7
18 35
5 26
13 37
2 10
35 44
1 2
12 26
37 41
24 40
37 47
23 36
13 25
25 33
20 28
3 21
35 38
39 42
17 29
5 19
1 39
4 44
4 30
6 41
24 48
15 21
37 39
0 9
14 35
34 34
13 37
0 7
28 47
44 45
26 49
16 17
2 22
7 13
5 19
0 29
17 18
2 5
7 12
7 23
41 47
10 12
17 31
11 14
8 16
6 44
9 24
11 14
27 46
1 20
23 47
16 32
35 41
0 23
31 47
25 46
