100
629
427
229
538
422
611
61
667
474
783
942
153
161
638
928
84
702
485
844
783
291
929
754
193
810
27
55
600
705
533
820
334
312
49
872
87
12
285
754
486
68
696
991
581
687
920
17
389
757
861
524
48
142
630
594
305
658
649
905
715
534
78
49
846
127
273
933
492
558
39
330
978
88
322
911
775
242
928
516
351
142
393
751
284
375
345
589
385
994
847
100
880
925
149
727
404
774
12
248
332
100
4 79
62 92
53 73
19 95
2 87
96 98
49 80
8 80
22 95
41 93
21 46
22 98
1 95
2 22
3 65
21 54
69 82
13 35
42 84
82 96
32 72
4 92
25 81
12 28
58 99
20 22
4 44
51 70
24 97
14 73
27 80
36 61
1 49
48 91
30 86
10 88
14 32
14 48
57 79
8 76
37 98
28 41
50 94
43 92
66 75
2 58
46 94
64 95
12 95
33 38
78 95
9 43
11 58
20 57
37 86
26 29
9 36
67 83
59 60
26 35
77 84
37 75
30 53
22 26
61 66
13 59
3 39
2 22
13 32
2 23
52 70
6 28
47 61
21 89
58 68
8 88
52 98
63 83
51 86
61 69
20 99
38 82
57 75
40 93
16 41
11 94
68 74
69 81
21 59
32 55
15 79
20 31
13 35
65 66
21 27
34 72
0 17
27 63
56 74
15 20
