1000
375
602
918
217
941
976
723
700
723
207
631
944
130
647
561
901
904
8
94
941
168
514
175
984
787
357
958
138
859
496
806
586
98
724
803
391
52
878
91
775
437
75
71
567
722
633
821
978
993
267
271
513
781
798
850
920
155
160
59
366
657
865
952
107
941
756
499
993
986
942
121
424
17
192
343
92
177
164
422
523
432
694
36
213
492
238
134
0
399
545
366
56
410
319
515
703
427
14
48
413
957
169
837
326
714
533
418
243
697
841
118
129
887
155
695
379
745
181
731
144
726
98
552
488
769
68
191
196
82
591
961
391
113
151
718
827
684
488
422
381
681
541
863
568
48
558
300
793
739
31
290
817
129
842
305
250
910
848
446
345
439
760
88
552
911
158
731
595
999
506
328
680
399
191
249
447
749
901
592
840
932
882
657
414
725
314
664
987
514
463
684
954
223
125
858
486
283
942
81
634
448
761
315
847
953
916
646
54
817
238
895
101
473
904
515
198
571
180
537
85
995
574
391
218
699
602
56
334
544
137
969
344
250
284
543
203
552
541
610
369
131
857
470
604
761
338
154
684
870
692
122
865
618
513
435
317
115
491
651
11
980
972
355
230
256
898
786
160
791
396
529
923
253
352
527
366
42
682
51
912
726
525
129
344
38
564
13
506
407
664
517
387
637
873
969
245
123
755
406
915
151
287
190
756
991
717
123
33
751
526
297
477
51
426
173
441
990
186
947
749
203
465
136
192
690
106
789
165
213
547
432
717
835
622
473
178
692
948
564
443
826
861
273
229
288
798
671
630
985
970
380
540
787
868
84
829
326
873
347
540
421
131
257
608
106
82
138
798
383
702
593
209
564
866
791
204
665
814
834
2
784
566
894
924
435
978
753
113
203
100
653
624
584
262
584
690
697
75
488
80
777
433
641
693
652
432
897
317
246
84
671
383
650
565
307
437
895
60
551
98
513
556
75
97
819
11
139
516
86
979
948
864
412
589
557
64
22
807
733
268
891
756
3
893
673
310
331
568
723
234
667
236
790
94
685
961
105
824
477
192
155
425
56
567
367
965
984
389
772
717
9
15
474
13
909
147
323
240
68
398
826
87
634
616
181
671
930
286
847
759
478
2
537
886
922
904
204
906
293
976
975
654
992
449
667
901
949
343
493
369
741
671
456
728
639
637
751
569
923
951
329
754
953
866
640
227
770
844
133
415
173
109
69
517
910
89
770
211
784
615
580
877
286
36
957
925
673
709
495
949
660
176
703
965
394
695
193
164
892
678
931
417
139
0
934
402
441
56
613
225
671
546
455
957
934
412
234
960
121
81
909
133
257
964
99
651
11
644
167
255
322
98
24
462
451
958
864
892
14
829
470
37
375
925
994
310
689
229
270
811
310
531
944
920
847
395
571
210
39
91
466
362
189
490
176
992
801
392
885
167
221
707
205
949
984
551
611
673
780
233
836
443
764
781
363
963
528
286
173
568
729
639
282
919
482
810
911
283
202
148
450
775
207
7
724
191
559
335
217
691
568
53
134
684
186
849
647
715
488
821
635
217
812
269
488
294
79
400
577
633
900
380
408
460
739
133
651
298
468
220
990
389
274
476
73
460
326
721
175
814
894
162
383
706
431
872
1
862
624
930
495
524
662
256
336
402
389
340
700
209
560
42
598
834
519
24
295
197
97
822
363
991
985
746
49
768
618
402
983
242
333
478
119
995
734
455
749
475
795
450
685
356
844
635
190
363
11
837
912
108
660
275
451
997
22
853
117
640
255
100
883
588
931
354
936
17
809
685
493
957
487
530
313
332
517
855
47
529
45
960
989
57
235
793
54
609
646
523
250
901
624
485
842
555
839
778
572
0
815
417
957
655
947
622
339
465
478
386
346
523
698
687
580
286
480
986
895
126
509
497
380
485
334
222
40
525
352
965
526
519
382
483
174
682
106
513
147
936
252
845
811
950
532
743
588
13
81
836
491
942
685
871
428
20
445
820
545
149
785
423
669
520
907
843
202
365
709
701
653
961
546
464
263
78
559
852
443
640
40
935
582
725
158
10
97
956
183
995
105
968
418
774
840
325
970
42
42
679
743
695
640
289
511
903
720
422
107
163
62
147
450
997
225
609
359
322
565
542
317
22
863
88
797
703
413
119
746
808
798
841
855
790
483
719
693
203
141
153
718
204
652
169
553
877
130
912
552
47
455
221
69
318
309
218
21
75
337
119
235
487
961
90
277
444
809
323
999
951
476
717
507
128
238
60
358
368
324
262
415
131
1000
483 837
145 449
55 823
572 745
294 807
232 255
510 897
51 707
50 833
10 661
120 869
358 789
281 499
79 605
761 846
597 737
538 683
94 739
361 666
8 484
68 473
263 370
578 667
429 763
69 791
189 424
214 660
900 941
65 979
179 547
636 825
509 776
174 870
600 888
436 536
9 896
159 504
435 731
178 513
198 248
304 623
437 965
189 689
254 258
668 805
433 846
441 561
616 707
307 783
504 671
95 400
32 951
764 911
90 386
277 585
690 933
127 560
749 898
157 169
355 837
141 314
35 108
702 742
76 486
401 932
496 509
542 684
448 947
306 834
389 935
79 771
683 868
119 207
432 728
140 628
565 942
281 953
335 402
478 695
97 173
683 762
446 945
225 393
394 883
580 783
170 703
38 863
387 422
171 509
137 150
67 311
432 592
20 834
68 928
101 665
165 427
110 136
361 874
620 856
244 436
755 766
491 618
805 878
392 666
50 894
713 804
236 962
306 334
422 586
87 402
39 919
176 867
30 93
238 889
486 713
468 674
252 517
409 439
183 396
76 798
78 880
392 511
169 468
78 890
107 481
147 330
197 400
675 782
564 642
20 355
46 402
175 655
916 966
64 312
140 502
462 580
325 372
324 840
402 495
83 954
765 883
101 636
128 314
770 956
45 143
447 663
190 541
102 457
157 519
121 659
583 659
384 591
261 915
224 756
317 659
553 710
164 424
541 738
292 311
46 337
454 709
137 996
239 900
409 453
575 758
420 770
363 510
154 771
278 730
879 947
742 942
166 852
393 458
102 257
303 705
511 792
365 929
507 617
313 520
378 631
240 798
102 401
513 907
143 874
105 989
90 731
47 943
250 857
336 507
393 960
162 752
527 905
681 764
201 496
77 874
669 832
24 585
537 772
844 998
680 834
103 123
503 917
167 418
106 360
672 674
189 500
424 757
105 716
521 565
659 951
439 491
620 816
392 429
273 353
386 742
107 846
377 861
279 701
413 544
385 571
86 237
760 862
346 828
868 968
393 979
819 833
791 822
251 649
184 354
525 926
92 984
124 953
177 361
232 906
943 970
381 477
559 589
243 906
417 563
774 811
542 945
365 996
645 736
272 968
351 493
444 551
27 830
191 397
205 982
449 500
278 952
511 881
124 219
637 769
40 543
448 582
444 840
299 577
268 441
201 792
113 752
588 943
338 780
337 487
288 320
189 624
70 919
138 487
257 546
586 775
152 575
521 993
19 172
812 922
123 792
906 957
228 545
8 201
40 235
555 697
329 886
531 600
19 308
738 854
628 866
780 793
441 666
125 813
190 399
625 983
582 875
103 241
442 480
463 715
160 483
164 623
154 398
706 764
525 854
153 912
57 72
286 514
723 763
679 914
163 304
38 249
239 490
71 493
932 956
767 786
116 409
283 866
47 916
441 572
254 836
326 947
233 894
192 969
348 871
235 863
484 528
119 901
394 974
190 259
328 702
170 378
662 738
6 36
61 960
315 447
746 797
642 691
186 331
12 680
248 410
290 543
732 797
59 409
543 951
246 318
48 279
369 416
453 710
375 772
175 413
87 562
81 921
605 605
268 618
30 285
180 866
320 598
729 977
9 873
32 327
119 311
728 887
33 438
408 692
458 562
650 935
20 209
83 626
703 814
451 596
462 733
53 631
412 961
134 422
166 834
101 305
829 830
192 863
620 885
182 623
343 559
184 363
120 268
341 934
937 971
57 385
368 751
110 164
329 597
163 938
391 763
468 593
13 573
193 456
432 898
375 593
560 991
111 956
180 650
397 503
134 939
560 691
23 502
207 832
497 620
347 383
168 888
329 461
137 181
6 79
382 569
672 912
294 980
375 826
772 982
329 922
242 258
761 965
265 524
885 945
21 292
268 909
812 949
723 993
87 729
72 656
96 463
109 569
429 944
411 935
69 617
327 685
2 859
124 440
385 526
9 547
30 629
809 842
532 579
666 836
260 613
429 674
595 709
490 538
826 892
253 313
443 939
640 654
433 941
468 778
139 818
200 367
176 768
395 699
60 231
674 717
744 843
103 904
339 993
394 583
648 819
614 896
889 939
268 880
322 398
492 700
420 537
658 693
440 596
357 657
23 75
683 866
138 171
510 771
131 517
94 303
165 342
104 917
231 538
337 905
389 936
398 474
443 809
132 406
841 883
415 906
268 450
124 439
247 588
719 950
396 765
282 374
90 292
322 739
76 182
118 579
465 977
592 627
76 772
7 385
270 800
265 538
250 390
190 978
280 637
754 909
28 636
118 389
128 928
110 792
204 372
21 580
525 701
474 648
385 601
833 871
99 185
762 787
489 740
478 977
239 372
400 585
875 974
155 870
102 663
617 658
387 549
88 679
74 680
676 914
65 748
603 899
661 847
688 742
72 753
166 477
103 311
538 877
77 100
45 179
14 115
502 837
563 869
638 942
209 549
666 966
917 957
156 921
579 664
684 844
88 362
162 399
391 466
289 543
491 686
75 606
700 912
263 460
133 755
34 901
919 964
1 273
274 837
429 768
290 625
378 452
966 987
129 453
358 418
201 349
104 424
156 160
620 688
420 822
673 727
691 856
209 593
782 964
484 745
550 774
2 370
153 358
282 321
163 679
53 864
232 509
288 392
329 666
365 438
92 151
359 463
136 408
100 921
190 405
198 740
531 568
36 95
278 416
671 794
447 724
658 679
299 585
72 603
437 628
41 131
857 881
17 842
265 763
456 470
520 668
52 548
588 643
88 867
411 759
13 858
671 835
421 538
322 962
302 376
399 418
280 785
275 628
650 892
120 743
264 348
249 788
316 376
404 892
595 656
516 608
351 514
404 632
124 954
366 501
117 257
271 394
750 898
22 400
766 790
491 520
30 660
92 698
36 336
454 984
970 992
507 592
224 674
150 263
531 630
3 140
99 274
534 849
524 909
249 667
121 675
57 158
250 781
170 755
561 586
154 931
98 532
438 558
53 675
60 558
64 683
698 783
338 584
215 984
493 586
520 882
40 707
841 929
36 642
363 580
598 869
482 511
301 967
392 994
355 452
390 552
516 602
207 525
187 510
32 422
96 304
155 905
696 834
348 690
711 871
270 821
134 932
252 303
695 787
246 494
147 799
16 885
401 410
223 940
920 997
325 368
230 301
349 524
64 872
39 287
661 936
108 868
147 411
120 935
367 458
429 958
518 666
271 974
429 549
564 701
546 889
70 199
119 946
183 900
818 939
106 471
931 952
100 975
95 695
153 387
168 814
332 463
187 789
616 956
338 520
236 317
409 739
528 787
685 687
63 504
886 978
283 610
818 937
513 735
122 385
18 199
482 642
829 884
271 840
797 962
115 712
121 198
338 854
1 540
25 64
356 396
358 951
121 639
296 374
634 681
652 848
232 490
116 486
672 758
308 821
372 720
270 936
143 493
608 846
35 986
783 911
214 342
333 493
141 335
321 707
174 907
325 407
749 812
421 875
536 570
595 642
531 908
754 912
26 521
413 600
859 863
201 548
42 429
116 886
183 593
358 437
115 500
117 601
927 992
23 849
528 618
491 789
501 755
543 880
495 628
487 645
194 711
40 140
588 926
609 771
398 871
481 723
513 598
325 792
700 943
641 823
484 670
523 612
507 592
220 403
3 401
66 708
100 595
183 206
27 815
306 898
566 788
79 974
299 738
681 872
351 865
21 505
117 350
294 544
300 977
332 514
574 701
398 648
675 956
183 702
124 841
690 952
629 926
720 769
577 993
401 928
859 906
301 561
376 846
705 855
369 498
37 199
435 944
199 971
734 743
673 867
575 977
557 557
256 679
277 833
30 672
114 531
289 415
444 665
613 651
111 722
373 759
317 662
213 546
288 289
313 947
157 523
290 714
432 898
393 709
84 418
91 198
301 380
746 965
397 931
119 397
394 770
57 878
439 776
79 270
66 570
575 744
387 445
641 877
285 387
369 938
29 805
106 919
237 410
159 204
168 954
279 562
509 724
516 971
286 594
704 947
516 692
279 961
431 920
190 716
128 307
112 438
509 709
271 571
775 946
431 466
710 729
381 806
571 704
674 857
298 621
561 814
192 665
96 127
113 317
165 420
445 603
307 885
312 808
578 611
361 583
77 665
71 458
471 995
145 163
813 852
766 766
784 980
107 958
423 880
45 425
196 222
0 81
529 665
460 889
276 824
705 821
245 489
516 960
31 240
444 457
576 844
176 210
360 521
284 592
61 944
140 990
283 990
165 573
7 814
625 635
446 639
341 480
43 209
283 793
240 250
436 728
178 290
538 613
163 249
108 131
310 473
600 945
526 815
462 823
87 692
458 683
151 886
164 929
360 957
565 600
559 645
389 738
2 935
99 628
603 759
559 913
511 584
210 400
389 673
82 223
33 112
350 765
185 929
632 897
197 238
150 850
239 842
129 888
241 516
580 844
491 628
109 212
355 671
612 744
187 344
178 809
221 944
159 406
143 225
655 816
340 505
534 966
744 854
16 337
596 722
350 533
440 994
795 915
527 666
362 539
