1.77
6.65
2.54
0.63
3.36
3.85
5.22
4.20
2.99
8.53
3.81
1.91
6.96
0.68
7.39
7.73
5.07
9.00
2.51
2.52
3.77
4.14
0.11
5.73
1.95
6.06
6.58
4.96
3.31
3.23
2.64
7.38
6.47
3.14
7.74
1.59
2.32
8.02
6.76
8.63
6.10
2.88
6.95
8.26
4.17
4.49
8.31
4.67
9.27
3.69
6.65
7.83
2.80
9.02
3.85
5.22
5.30
3.87
1.26
8.05
0.21
3.65
4.99
8.09
7.18
4.72
8.89
6.97
3.87
6.39
0.77
7.95
5.82
1.26
6.18
6.62
6.90
2.87
7.75
4.97
3.99
1.82
1.19
0.31
6.61
7.97
5.15
1.55
8.58
2.23
9.27
7.49
2.04
9.33
5.99
2.90
2.69
0.42
2.63
9.90
-2
